999
0.10819513453010837 0.058374143427580086
0.058374143427580086 0.008407247367148618
0.008407247367148618 -0.04158066243329049
-0.04158066243329049 -0.0914646422324372
-0.0914646422324372 -0.1411200080598672
-0.1411200080598672 -0.19042264736102704
-0.19042264736102704 -0.23924932921398243
-0.23924932921398243 -0.2874780123425444
-0.2874780123425444 -0.3349881501559051
-0.3349881501559051 -0.38166099205233167
-0.38166099205233167 -0.4273798802338298
-0.4273798802338298 -0.47203054128988264
-0.47203054128988264 -0.5155013718214642
-0.5155013718214642 -0.557683717391417
-0.557683717391417 -0.5984721441039565
-0.5984721441039565 -0.6377647021345036
-0.6377647021345036 -0.675463180551151
-0.675463180551151 -0.7114733527908443
-0.7114733527908443 -0.7457052121767203
-0.7457052121767203 -0.7780731968879212
-0.7780731968879212 -0.8084964038195901
-0.8084964038195901 -0.8368987907984977
-0.8368987907984977 -0.8632093666488737
-0.8632093666488737 -0.8873623686333755
-0.8873623686333755 -0.9092974268256817
-0.9092974268256817 -0.9289597150038693
-0.9289597150038693 -0.9463000876874145
-0.9463000876874145 -0.9612752029752999
-0.9612752029752999 -0.9738476308781951
-0.9738476308781951 -0.9839859468739369
-0.9839859468739369 -0.9916648104524686
-0.9916648104524686 -0.9968650284539189
-0.9968650284539189 -0.9995736030415051
-0.9995736030415051 -0.999783764189357
-0.999783764189357 -0.9974949866040544
-0.9974949866040544 -0.9927129910375885
-0.9927129910375885 -0.9854497299884601
-0.9854497299884601 -0.9757233578266591
-0.9757233578266591 -0.963558185417193
-0.963558185417193 -0.9489846193555862
-0.9489846193555862 -0.9320390859672263
-0.9320390859672263 -0.912763940260521
-0.912763940260521 -0.8912073600614354
-0.8912073600614354 -0.867423225594017
-0.867423225594017 -0.8414709848078965
-0.8414709848078965 -0.8134155047893737
-0.8134155047893737 -0.7833269096274834
-0.7833269096274834 -0.7512804051402927
-0.7512804051402927 -0.7173560908995228
-0.7173560908995228 -0.6816387600233341
-0.6816387600233341 -0.644217687237691
-0.644217687237691 -0.6051864057360395
-0.6051864057360395 -0.5646424733950354
-0.5646424733950354 -0.5226872289306592
-0.5226872289306592 -0.479425538604203
-0.479425538604203 -0.43496553411123023
-0.43496553411123023 -0.3894183423086505
-0.3894183423086505 -0.34289780745545134
-0.34289780745545134 -0.29552020666133955
-0.29552020666133955 -0.24740395925452294
-0.24740395925452294 -0.19866933079506122
-0.19866933079506122 -0.14943813247359922
-0.14943813247359922 -0.09983341664682815
-0.09983341664682815 -0.04997916927067833
-0.04997916927067833 0.0
0.0 0.04997916927067833
0.04997916927067833 0.09983341664682815
0.09983341664682815 0.14943813247359922
0.14943813247359922 0.19866933079506122
0.19866933079506122 0.24740395925452294
0.24740395925452294 0.29552020666133955
0.29552020666133955 0.34289780745545134
0.34289780745545134 0.3894183423086505
0.3894183423086505 0.43496553411123023
0.43496553411123023 0.479425538604203
0.479425538604203 0.5226872289306592
0.5226872289306592 0.5646424733950354
0.5646424733950354 0.6051864057360395
0.6051864057360395 0.644217687237691
0.644217687237691 0.6816387600233341
0.6816387600233341 0.7173560908995228
0.7173560908995228 0.7512804051402927
0.7512804051402927 0.7833269096274834
0.7833269096274834 0.8134155047893737
0.8134155047893737 0.8414709848078965
0.8414709848078965 0.867423225594017
0.867423225594017 0.8912073600614354
0.8912073600614354 0.912763940260521
0.912763940260521 0.9320390859672263
0.9320390859672263 0.9489846193555862
0.9489846193555862 0.963558185417193
0.963558185417193 0.9757233578266591
0.9757233578266591 0.9854497299884601
0.9854497299884601 0.9927129910375885
0.9927129910375885 0.9974949866040544
0.9974949866040544 0.999783764189357
0.999783764189357 0.9995736030415051
0.9995736030415051 0.9968650284539189
0.9968650284539189 0.9916648104524686
0.9916648104524686 0.9839859468739369
0.9839859468739369 0.9738476308781951
0.9738476308781951 0.9612752029752999
0.9612752029752999 0.9463000876874145
0.9463000876874145 0.9289597150038693
0.9289597150038693 0.9092974268256817
0.9092974268256817 0.8873623686333755
0.8873623686333755 0.8632093666488737
0.8632093666488737 0.8368987907984977
0.8368987907984977 0.8084964038195901
0.8084964038195901 0.7780731968879212
0.7780731968879212 0.7457052121767203
0.7457052121767203 0.7114733527908443
0.7114733527908443 0.675463180551151
0.675463180551151 0.6377647021345036
0.6377647021345036 0.5984721441039565
0.5984721441039565 0.557683717391417
0.557683717391417 0.5155013718214642
0.5155013718214642 0.47203054128988264
0.47203054128988264 0.4273798802338298
0.4273798802338298 0.38166099205233167
0.38166099205233167 0.3349881501559051
0.3349881501559051 0.2874780123425444
0.2874780123425444 0.23924932921398243
0.23924932921398243 0.19042264736102704
0.19042264736102704 0.1411200080598672
0.1411200080598672 0.0914646422324372
0.0914646422324372 0.04158066243329049
0.04158066243329049 -0.008407247367148618
-0.008407247367148618 -0.058374143427580086
-0.058374143427580086 -0.10819513453010837
-0.10819513453010837 -0.1577456941432482
-0.1577456941432482 -0.20690197167339977
-0.20690197167339977 -0.2555411020268312
-0.2555411020268312 -0.30354151270842933
-0.30354151270842933 -0.35078322768961984
-0.35078322768961984 -0.3971481672859598
-0.3971481672859598 -0.44252044329485246
-0.44252044329485246 -0.48678664865569937
-0.48678664865569937 -0.5298361409084934
-0.5298361409084934 -0.5715613187423437
-0.5715613187423437 -0.6118578909427189
-0.6118578909427189 -0.6506251370651673
-0.6506251370651673 -0.6877661591839738
-0.6877661591839738 -0.7231881240865121
-0.7231881240865121 -0.7568024953079282
-0.7568024953079282 -0.788525254426195
-0.788525254426195 -0.8182771110644103
-0.8182771110644103 -0.8459837010754465
-0.8459837010754465 -0.8715757724135882
-0.8715757724135882 -0.8949893582285835
-0.8949893582285835 -0.9161659367494549
-0.9161659367494549 -0.9350525775584491
-0.9350525775584491 -0.951602073889516
-0.951602073889516 -0.9657730606206388
-0.9657730606206388 -0.977530117665097
-0.977530117665097 -0.9868438585032365
-0.9868438585032365 -0.9936910036334644
-0.9936910036334644 -0.9980544387588794
-0.9980544387588794 -0.9999232575641008
-0.9999232575641008 -0.999292788975378
-0.999292788975378 -0.9961646088358407
-0.9961646088358407 -0.9905465359667133
-0.9905465359667133 -0.9824526126243325
-0.9824526126243325 -0.9719030694018208
-0.9719030694018208 -0.9589242746631385
-0.9589242746631385 -0.9435486686359066
-0.9435486686359066 -0.9258146823277325
-0.9258146823277325 -0.9057666414687044
-0.9057666414687044 -0.8834546557201531
-0.8834546557201531 -0.858934493426592
-0.858934493426592 -0.8322674422239013
-0.8322674422239013 -0.8035201558521559
-0.8035201558521559 -0.7727644875559871
-0.7727644875559871 -0.7400773104888944
-0.7400773104888944 -0.7055403255703919
-0.7055403255703919 -0.669239857276262
-0.669239857276262 -0.6312666378723216
-0.6312666378723216 -0.5917155806310094
-0.5917155806310094 -0.5506855425976376
-0.5506855425976376 -0.5082790774992584
-0.5082790774992584 -0.46460217941375737
-0.46460217941375737 -0.41976401783985967
-0.41976401783985967 -0.373876664830236
-0.373876664830236 -0.32705481486974064
-0.32705481486974064 -0.27941549819892586
-0.27941549819892586 -0.23107778829939224
-0.23107778829939224 -0.18216250427209588
-0.18216250427209588 -0.13279190885251674
-0.13279190885251674 -0.0830894028174964
-0.0830894028174964 -0.03317921654755682
-0.03317921654755682 0.016813900484349713
0.016813900484349713 0.06676499152155546
0.06676499152155546 0.11654920485049364
0.11654920485049364 0.1660421058649572
0.1660421058649572 0.21511998808781552
0.21511998808781552 0.2636601823727784
0.2636601823727784 0.31154136351337786
0.31154136351337786 0.35864385349280037
0.35864385349280037 0.4048499206165983
0.4048499206165983 0.4500440737806176
0.4500440737806176 0.49411335113860816
0.49411335113860816 0.536947602448011
0.536947602448011 0.5784397643882001
0.5784397643882001 0.618486128163024
0.618486128163024 0.6569865987187891
0.6569865987187891 0.6938449449297637
0.6938449449297637 0.7289690401258759
0.7289690401258759 0.7622710923614112
0.7622710923614112 0.7936678638491531
0.7936678638491531 0.8230808790115055
0.8230808790115055 0.8504366206285644
0.8504366206285644 0.8756667135928823
0.8756667135928823 0.8987080958116269
0.8987080958116269 0.9195031758289707
0.9195031758289707 0.9379999767747389
0.9379999767747389 0.9541522662795148
0.9541522662795148 0.9679196720314863
0.9679196720314863 0.9792677826862
0.9792677826862 0.9881682338770004
0.9881682338770004 0.9945987791111761
0.9945987791111761 0.998543345374605
0.998543345374605 0.9999920733059188
0.9999920733059188 0.998941341839772
0.998941341839772 0.9953937772576199
0.9953937772576199 0.9893582466233818
0.9893582466233818 0.9808498356203995
0.9808498356203995 0.9698898108450863
0.9698898108450863 0.9565055666515091
0.9565055666515091 0.9407305566797731
0.9407305566797731 0.9226042102393402
0.9226042102393402 0.9021718337562933
0.9021718337562933 0.8794844975308649
0.8794844975308649 0.8545989080882804
0.8545989080882804 0.827577266441984
0.827577266441984 0.7984871126234903
0.7984871126234903 0.7674011568674873
0.7674011568674873 0.7343970978741133
0.7343970978741133 0.699557428602668
0.699557428602668 0.6629692300821833
0.6629692300821833 0.6247239537541924
0.6247239537541924 0.5849171928917617
0.5849171928917617 0.5436484436660883
0.5436484436660883 0.5010208564578846
0.5010208564578846 0.4571409780351558
0.4571409780351558 0.4121184852417566
0.4121184852417566 0.366065910862411
0.366065910862411 0.3190983623493521
0.3190983623493521 0.27133323411363275
0.27133323411363275 0.22288991410024764
0.22288991410024764 0.17388948538043356
0.17388948538043356 0.1244544235070617
0.1244544235070617 0.07470829038953478
0.07470829038953478 0.024775425453357765
0.024775425453357765 -0.02521936514365872
-0.02521936514365872 -0.0751511204618093
-0.0751511204618093 -0.12489503711675232
-0.12489503711675232 -0.17432678122297965
-0.17432678122297965 -0.2233227991637839
-0.2233227991637839 -0.27176062641094245
-0.27176062641094245 -0.31951919362227366
-0.31951919362227366 -0.3664791292519284
-0.3664791292519284 -0.4125230579170927
-0.4125230579170927 -0.45753589377532133
-0.45753589377532133 -0.5014051281791974
-0.5014051281791974 -0.5440211108893698
-0.5440211108893698 -0.5852773241430363
-0.5852773241430363 -0.6250706488928821
-0.6250706488928821 -0.663301622550998
-0.663301622550998 -0.6998746875935423
-0.6998746875935423 -0.7346984304047954
-0.7346984304047954 -0.7676858097635825
-0.7676858097635825 -0.7987543744010004
-0.7987543744010004 -0.8278264690856537
-0.8278264690856537 -0.8548294287212828
-0.8548294287212828 -0.87969575997167
-0.87969575997167 -0.9023633099588236
-0.9023633099588236 -0.9227754216128066
-0.9227754216128066 -0.9408810752849078
-0.9408810752849078 -0.9566350162701879
-0.9566350162701879 -0.9699978679206785
-0.9699978679206785 -0.9809362300664916
-0.9809362300664916 -0.9894227624988511
-0.9894227624988511 -0.9954362533063774
-0.9954362533063774 -0.9989616718938168
-0.9989616718938168 -0.9999902065507035
-0.9999902065507035 -0.9985192864760454
-0.9985192864760454 -0.9945525882039892
-0.9945525882039892 -0.9881000264143981
-0.9881000264143981 -0.9791777291513174
-0.9791777291513174 -0.9678079975112615
-0.9678079975112615 -0.954019249902089
-0.954019249902089 -0.9378459510117826
-0.9378459510117826 -0.9193285256646757
-0.9193285256646757 -0.8985132577804487
-0.8985132577804487 -0.8754521746884285
-0.8754521746884285 -0.8502029170863663
-0.8502029170863663 -0.8228285949687089
-0.8228285949687089 -0.793397629884477
-0.793397629884477 -0.7619835839190333
-0.7619835839190333 -0.72866497582717
-0.72866497582717 -0.6935250847771224
-0.6935250847771224 -0.6566517421960153
-0.6566517421960153 -0.6181371122370333
-0.6181371122370333 -0.5780774614170451
-0.5780774614170451 -0.5365729180004349
-0.5365729180004349 -0.49372722173059747
-0.49372722173059747 -0.44964746453460147
-0.44964746453460147 -0.4044438228491401
-0.4044438228491401 -0.3582292822368287
-0.3582292822368287 -0.3111193549811273
-0.3111193549811273 -0.26323179136580094
-0.26323179136580094 -0.21468628536052867
-0.21468628536052867 -0.1656041754483094
-0.1656041754483094 -0.11610814134245845
-0.11610814134245845 -0.06632189735120068
-0.06632189735120068 -0.016369883156341365
-0.016369883156341365 0.033623047221136695
0.033623047221136695 0.08353193749110818
0.08353193749110818 0.13323204141994222
0.13323204141994222 0.182599134631134
0.182599134631134 0.23150982510153895
0.23150982510153895 0.2798418615771745
0.2798418615771745 0.32747443913769303
0.32747443913769303 0.37428850114575674
0.37428850114575674 0.4201670368266409
0.4201670368266409 0.46499537373422123
0.46499537373422123 0.5086614643723737
0.5086614643723737 0.5510561662553665
0.5510561662553665 0.592073514707223
0.592073514707223 0.6316109877182386
0.6316109877182386 0.6695697621966024
0.6695697621966024 0.7058549609746644
0.7058549609746644 0.7403758899524486
0.7403758899524486 0.7730462647856603
0.7730462647856603 0.803784426551621
0.803784426551621 0.8325135458540397
0.8325135458540397 0.8591618148564958
0.8591618148564958 0.8836626267646351
0.8836626267646351 0.9059547423084618
0.9059547423084618 0.9259824428086272
0.9259824428086272 0.9436956694441048
0.9436956694441048 0.9590501483731756
0.9590501483731756 0.9720075013949759
0.9720075013949759 0.9825353418750096
0.9825353418750096 0.9906073556948704
0.9906073556948704 0.9962033670238317
0.9962033670238317 0.9993093887479176
0.9993093887479176 0.9999176574304031
0.9999176574304031 0.9980266527163617
0.9980266527163617 0.9936411011327626
0.9936411011327626 0.9867719642746133
0.9867719642746133 0.9774364114066826
0.9774364114066826 0.9656577765492774
0.9656577765492774 0.9514655001553479
0.9514655001553479 0.934895055524683
0.934895055524683 0.9159878601391392
0.9159878601391392 0.8947911721405042
0.8947911721405042 0.8713579722097512
0.8713579722097512 0.8457468311429343
0.8457468311429343 0.8180217634546941
0.8180217634546941 0.7882520673753163
0.7882520673753163 0.7565121516412421
0.7565121516412421 0.722881349511976
0.722881349511976 0.6874437204782605
0.6874437204782605 0.6502878401571168
0.6502878401571168 0.6115065788989408
0.6115065788989408 0.5711968696599886
0.5711968696599886 0.5294594657204643
0.5294594657204643 0.48639868885379967
0.48639868885379967 0.4421221685765394
0.4421221685765394 0.39674057313061206
0.39674057313061206 0.3503673328703561
0.3503673328703561 0.30311835674570226
0.30311835674570226 0.2551117425901744
0.2551117425901744 0.2064674819377966
0.2064674819377966 0.15730716010676024
0.15730716010676024 0.10775365229944406
0.10775365229944406 0.057930816478394806
0.057930816478394806 0.007963183785937343
0.007963183785937343 -0.04202435271884079
-0.04202435271884079 -0.09190685022768164
-0.09190685022768164 -0.14155962847511386
-0.14155962847511386 -0.19085858137418937
-0.19085858137418937 -0.23968048721705543
-0.23968048721705543 -0.2879033166650653
-0.2879033166650653 -0.33540653775856133
-0.33540653775856133 -0.3820714171840091
-0.3820714171840091 -0.4277813170454412
-0.4277813170454412 -0.47242198639846616
-0.47242198639846616 -0.5158818468181093
-0.5158818468181093 -0.5580522712867794
-0.5580522712867794 -0.5988278557052371
-0.5988278557052371 -0.6381066823479474
-0.6381066823479474 -0.6757905746043268
-0.6757905746043268 -0.711785342369123
-0.711785342369123 -0.7460010174686368
-0.7460010174686368 -0.7783520785342984
-0.7783520785342984 -0.8087576647615486
-0.8087576647615486 -0.8371417780197468
-0.8371417780197468 -0.8634334728079056
-0.8634334728079056 -0.8875670335815046
-0.8875670335815046 -0.9094821390071252
-0.9094821390071252 -0.9291240127343684
-0.9291240127343684 -0.946443560308209
-0.946443560308209 -0.9613974918795568
-0.9613974918795568 -0.9739484304073407
-0.9739484304073407 -0.9840650050816434
-0.9840650050816434 -0.991721929734389
-0.991721929734389 -0.9969000660415961
-0.9969000660415961 -0.9995864713592172
-0.9995864713592172 -0.9997744310730111
-0.9997744310730111 -0.9974634753815809
-0.9974634753815809 -0.9926593804706332
-0.9926593804706332 -0.9853741540755202
-0.9853741540755202 -0.9756260054681576
-0.9756260054681576 -0.963439299943326
-0.963439299943326 -0.948844497918124
-0.948844497918124 -0.93187807879679
-0.93187807879679 -0.9125824497911845
-0.9125824497911845 -0.8910058399248534
-0.8910058399248534 -0.8672021794855813
-0.8672021794855813 -0.8412309652277599
-0.8412309652277599 -0.8131571116614885
-0.8131571116614885 -0.7830507888000987
-0.7830507888000987 -0.750987246771676
-0.750987246771676 -0.7170466277329218
-0.7170466277329218 -0.6813137655554999
-0.6813137655554999 -0.643877973785542
-0.643877973785542 -0.6048328224062841
-0.6048328224062841 -0.5642759039618552
-0.5642759039618552 -0.5223085896267315
-0.5223085896267315 -0.4790357758305961
-0.4790357758305961 -0.43456562207189675
-0.43456562207189675 -0.38900928057541545
-0.38900928057541545 -0.34248061846961253
-0.34248061846961253 -0.2950959331780938
-0.2950959331780938 -0.2469736617366209
-0.2469736617366209 -0.19823408476220652
-0.19823408476220652 -0.1489990258141988
-0.1489990258141988 -0.09939154689884817
-0.09939154689884817 -0.04953564087836742
-0.04953564087836742 0.0004440784466461913
0.0004440784466461913 0.05042268780681122
0.05042268780681122 0.10027526670709096
0.10027526670709096 0.14987720966295234
0.14987720966295234 0.19910453764919822
0.19910453764919822 0.24783420798295983
0.24783420798295983 0.29594442186632103
0.29594442186632103 0.3433149288198954
0.3433149288198954 0.3898273272463786
0.3898273272463786 0.4353653603728932
0.4353653603728932 0.4798152068323722
0.4798152068323722 0.5230657651576964
0.5230657651576964 0.565008931477514
0.565008931477514 0.605539869719601
0.605539869719601 0.6445572736464569
0.6445572736464569 0.6819636200681356
0.6819636200681356 0.7176654125994291
0.7176654125994291 0.7515734153521483
0.7515734153521483 0.7836028759783553
0.7836028759783553 0.8136737375071054
0.8136737375071054 0.8417108384451784
0.8417108384451784 0.8676441006416673
0.8676441006416673 0.8914087044468666
0.8914087044468666 0.9129452507276277
0.9129452507276277 0.9321999093342651
0.9321999093342651 0.9491245536478946
0.9491245536478946 0.9636768808719156
0.9636768808719156 0.9758205177669755
0.9758205177669755 0.9855251115651197
0.9855251115651197 0.9927664058359071
0.9927664058359071 0.9975263011148543
0.9975263011148543 0.9997929001426692
0.9997929001426692 0.9995605376022045
0.9995605376022045 0.9968297942787993
0.9968297942787993 0.9916074956086182
0.9916074956086182 0.9839066946186161
0.9839066946186161 0.9737466393007693
0.9737466393007693 0.9611527245021165
0.9611527245021165 0.9461564284508708
0.9461564284508708 0.9287952340772404
0.9287952340772404 0.909112535325624
0.909112535325624 0.8871575286923511
0.8871575286923511 0.8629850902600552
0.8629850902600552 0.8366556385360561
0.8366556385360561 0.8082349834375502
0.8082349834375502 0.7777941618010928
0.7777941618010928 0.7454092598275041
0.7454092598275041 0.7111612229059824
0.7111612229059824 0.675135653292801
0.675135653292801 0.6374225961502389
0.6374225961502389 0.5981163144805719
0.5981163144805719 0.5573150535176614
0.5573150535176614 0.515120795165023
0.515120795165023 0.47163900309419615
0.47163900309419615 0.4269783591404783
0.4269783591404783 0.3812504916549401
0.3812504916549401 0.3345696964916857
0.3345696964916857 0.28705265132772845
0.28705265132772845 0.23881812402958275
0.23881812402958275 0.18998667579543774
0.18998667579543774 0.1406803598149522
0.1406803598149522 0.09102241619984787
0.09102241619984787 0.04113696394779841
0.04113696394779841 -0.008851309290403876
-0.008851309290403876 -0.05881745886505292
-0.05881745886505292 -0.10863659542407976
-0.10863659542407976 -0.1581841970713881
-0.1581841970713881 -0.20733642060675878
-0.20733642060675878 -0.25597041106933305
-0.25597041106933305 -0.30396460881104703
-0.30396460881104703 -0.3511990533324415
-0.3511990533324415 -0.3975556831214329
-0.3975556831214329 -0.4429186307456213
-0.4429186307456213 -0.4871745124605095
-0.4871745124605095 -0.5302127116098279
-0.5302127116098279 -0.5719256551095638
-0.5719256551095638 -0.6122090823246464
-0.6122090823246464 -0.6509623056662469
-0.6509623056662469 -0.6880884622582969
-0.6880884622582969 -0.723494756044245
-0.723494756044245 -0.7570926897288676
-0.7570926897288676 -0.7887982859754165
-0.7887982859754165 -0.8185322973052351
-0.8185322973052351 -0.8462204041751706
-0.8462204041751706 -0.8717934007377353
-0.8717934007377353 -0.8951873678196818
-0.8951873678196818 -0.9163438326866465
-0.9163438326866465 -0.9352099151945389
-0.9352099151945389 -0.9517384599623535
-0.9517384599623535 -0.9658881542360704
-0.9658881542360704 -0.9776236311490237
-0.9776236311490237 -0.9869155581206487
-0.9869155581206487 -0.9937407101726596
-0.9937407101726596 -0.9980820279793963
-0.9980820279793963 -0.9999286605072563
-0.9999286605072563 -0.9992759921366277
-0.9992759921366277 -0.9961256541985343
-0.9961256541985343 -0.9904855208971565
-0.9904855208971565 -0.9823696896284233
-0.9823696896284233 -0.9717984457438633
-0.9717984457438633 -0.9587982118477906
-0.9587982118477906 -0.9434014817545555
-0.9434014817545555 -0.9256467392709269
-0.9256467392709269 -0.9055783620066239
-0.9055783620066239 -0.8832465104533982
-0.8832465104533982 -0.8587070026099295
-0.8587070026099295 -0.8320211744658998
-0.8320211744658998 -0.8032557266939547
-0.8032557266939547 -0.7724825579327704
-0.7724825579327704 -0.7397785850778934
-0.7397785850778934 -0.705225551029561
-0.705225551029561 -0.6689098203780243
-0.6689098203780243 -0.6309221635370401
-0.6309221635370401 -0.5913575298651244
-0.5913575298651244 -0.5503148103415938
-0.5503148103415938 -0.5078965903906221
-0.5078965903906221 -0.464208893471108
-0.464208893471108 -0.41936091607323134
-0.41936091607323134 -0.3734647547841147
-0.3734647547841147 -0.32663512610472223
-0.32663512610472223 -0.2789890797183532
-0.2789890797183532 -0.23064570592739567
-0.23064570592739567 -0.1817258379895779
-0.1817258379895779 -0.13235175009777303
-0.13235175009777303 -0.08264685175818273
-0.08264685175818273 -0.03273537933084532
-0.03273537933084532 0.017257914496559664
0.017257914496559664 0.06720807252547492
0.06720807252547492 0.11699024537436405
0.11699024537436405 0.16648000353715925
0.16648000353715925 0.21555364839222133
0.21555364839222133 0.2640885213844694
0.2640885213844694 0.311963310607903
0.311963310607903 0.3590583540221683
0.3590583540221683 0.4052559385453541
0.4052559385453541 0.4504405942753893
0.4504405942753893 0.4944993831046597
0.4944993831046597 0.5373221810064719
0.5373221810064719 0.5788019532877502
0.5788019532877502 0.6188350221200393
0.6188350221200393 0.6573213256800776
0.6573213256800776 0.694164668252242
0.694164668252242 0.729272960667749
0.729272960667749 0.7625584504796027
0.7625584504796027 0.7939379412980213
0.7939379412980213 0.8233330007380816
0.8233330007380816 0.8506701564598326
0.8506701564598326 0.8758810798108894
0.8758810798108894 0.8989027566124672
0.8989027566124672 0.9196776446620198
0.9196776446620198 0.9381538175587758
0.9381538175587758 0.9542850944926969
0.9542850944926969 0.9680311556724576
0.9680311556724576 0.979357643103917
0.979357643103917 0.9882362464672176
0.9882362464672176 0.9946447738778381
0.9946447738778381 0.9985672073547485
0.9985672073547485 0.9999937428570207
0.9999937428570207 0.9989208147888241
0.9989208147888241 0.9953511049115591
0.9953511049115591 0.9892935356408499
0.9892935356408499 0.9807632477451529
0.9807632477451529 0.9697815625017179
0.9697815625017179 0.956375928404503
0.956375928404503 0.940579852557232
0.940579852557232 0.9224328169230858
0.9224328169230858 0.9019801796403578
0.9019801796403578 0.8792730616507243
0.8792730616507243 0.8543682189235223
0.8543682189235223 0.8273279005953786
0.8273279005953786 0.7982196933797879
0.7982196933797879 0.7671163526355301
0.7671163526355301 0.7340956205161548
0.7340956205161548 0.6992400316550977
0.6992400316550977 0.6626367068720718
0.6626367068720718 0.6243771354163914
0.6243771354163914 0.5845569462914991
0.5845569462914991 0.5432756692322479
0.5432756692322479 0.500636485932415
0.500636485932415 0.4567459721441928
0.4567459721441928 0.41171383129431416
0.41171383129431416 0.36565262028262135
0.36565262028262135 0.3186774681484222
0.3186774681484222 0.27090578830786904
0.27090578830786904 0.2224569850815534
0.2224569850815534 0.1734521552458921
0.1734521552458921 0.12401378535425583
0.12401378535425583 0.07426544558436131
0.07426544558436131 0.02433148087720227
0.02433148087720227 -0.02566329986055949
-0.02566329986055949 -0.07559393571385806
-0.07559393571385806 -0.12533562609642912
-0.12533562609642912 -0.1747640426872949
-0.1747640426872949 -0.22375564018679642
-0.22375564018679642 -0.2721879651155157
-0.2721879651155157 -0.3199399618841981
-0.3199399618841981 -0.3668922753696779
-0.3668922753696779 -0.4129275492405401
-0.4129275492405401 -0.45793071928681145
-0.45793071928681145 -0.5017893010205742
-0.5017893010205742 -0.5443936708286016
-0.5443936708286016 -0.5856373399742976
-0.5856373399742976 -0.6254172207640916
-0.6254172207640916 -0.6636338842129675
-0.6636338842129675 -0.7001918085651567
-0.7001918085651567 -0.7349996180487777
-0.7349996180487777 -0.7679703112676759
-0.7679703112676759 -0.7990214786596138
-0.7990214786596138 -0.8280755084772445
-0.8280755084772445 -0.8550597807770702
-0.8550597807770702 -0.8799068489314787
-0.8799068489314787 -0.9025546082101854
-0.9025546082101854 -0.9229464510097217
-0.9229464510097217 -0.9410314083429535
-0.9410314083429535 -0.9567642772350116
-0.9567642772350116 -0.9701057337071853
-0.9701057337071853 -0.98102243106639
-0.98102243106639 -0.9894870832545352
-0.9894870832545352 -0.9954785330494551
-0.9954785330494551 -0.9989818049469494
-0.9989818049469494 -0.999988142591743
-0.999988142591743 -0.9984950306638146
-0.9984950306638146 -0.9945062011653863
-0.9945062011653863 -0.9880316240928618
-0.9880316240928618 -0.9790874825170278
-0.9790874825170278 -0.9676961321338052
-0.9676961321338052 -0.9538860453866523
-0.9538860453866523 -0.9376917403002811
-0.9376917403002811 -0.9191536942035773
-0.9191536942035773 -0.8983182425573547
-0.8983182425573547 -0.8752374631398356
-0.8752374631398356 -0.8499690458793281
-0.8499690458793281 -0.8225761486594425
-0.8225761486594425 -0.7931272394572851
-0.7931272394572851 -0.7616959252091661
-0.7616959252091661 -0.7283607678315934
-0.7283607678315934 -0.6932050878573994
-0.6932050878573994 -0.6563167561777904
-0.6563167561777904 -0.617787974410896
-0.617787974410896 -0.5777150444457317
-0.5777150444457317 -0.5361981277376322
-0.5361981277376322 -0.4933409949567783
-0.4933409949567783 -0.4492507666155529
-0.4492507666155529 -0.404037645323065
-0.404037645323065 -0.35781464033600746
-0.35781464033600746 -0.3106972850943722
-0.3106972850943722 -0.26280334844802267
-0.26280334844802267 -0.2142525402958877
-0.2142525402958877 -0.165166212373579
-0.165166212373579 -0.11566705493723693
-0.11566705493723693 -0.0658787901017895
-0.0658787901017895 -0.0159258626001018
-0.0159258626001018 0.0340668712640608
0.0340668712640608 0.08397445569174683
0.08397445569174683 0.13367214771325459
0.13367214771325459 0.183035728980588
0.183035728980588 0.23194181624863142
0.23194181624863142 0.2802681697690195
0.2802681697690195 0.3278939988258263
0.3278939988258263 0.374700263649462
0.374700263649462 0.42056997295409904
0.42056997295409904 0.46538847635495545
0.46538847635495545 0.5090437509345609
0.5090437509345609 0.5514266812416906
0.5514266812416906 0.5924313320231772
0.5924313320231772 0.631955213006885
0.631955213006885 0.6698995350739827
0.6698995350739827 0.7061694571803343
0.7061694571803343 0.740674323409674
0.740674323409674 0.7733278895662207
0.7733278895662207 0.8040485387402355
0.8040485387402355 0.8327594853077798
0.8327594853077798 0.8593889668548145
0.8593889668548145 0.8838704235458307
0.8838704235458307 0.9061426644888007
0.9061426644888007 0.9261500206805285
0.9261500206805285 0.9438424841501593
0.9438424841501593 0.9591758329530804
0.9591758329530804 0.9721117417027341
0.9721117417027341 0.9826178773641395
0.9826178773641395 0.9906679800696339
0.9906679800696339 0.9962419287548636
0.9962419287548636 0.9993257914509736
0.9993257914509736 0.9999118601072672
0.9999118601072672 0.997998669857323
0.997998669857323 0.9935910026803949
0.9935910026803949 0.9866998754489579
0.9866998754489579 0.9773425123922587
0.9773425123922587 0.9655423020447212
0.9655423020447212 0.9513287387867827
0.9513287387867827 0.9347373491243045
0.9347373491243045 0.915809602890819
0.915809602890819 0.8945928095945248
0.8945928095945248 0.8711400001691764
0.8711400001691764 0.845509794424347
0.845509794424347 0.8177662545264418
0.8177662545264418 0.7879787248766569
0.7879787248766569 0.756221658786063
0.756221658786063 0.7225744323811351
0.7225744323811351 0.6871211462047443
0.6871211462047443 0.649950415008612
0.649950415008612 0.611155146262596
0.611155146262596 0.5708323079343655
0.5708323079343655 0.5290826861200238
0.5290826861200238 0.48601063313131865
0.48601063313131865 0.4417238066692238
0.4417238066692238 0.39633290073577365
0.39633290073577365 0.3499513689566622
0.3499513689566622 0.30269514100631545
0.30269514100631545 0.2546823328440351
0.2546823328440351 0.20603295148563266
0.20603295148563266 0.15686859504841
0.15686859504841 0.10731214881914432
0.10731214881914432 0.057487478104924564
0.057487478104924564 0.007519118634342355
0.007519118634342355 -0.04246803471695152
-0.04246803471695152 -0.09234904009837086
-0.09234904009837086 -0.1419992209740017
-0.1419992209740017 -0.1912944777489552
-0.1912944777489552 -0.24011159795377449
-0.24011159795377449 -0.2883285642114191
-0.2883285642114191 -0.3358248592171419
-0.3358248592171419 -0.38248176696903424
-0.38248176696903424 -0.428182669496151
-0.428182669496151 -0.4728133383427511
-0.4728133383427511 -0.5162622200799271
-0.5162622200799271 -0.5584207151310637
-0.5584207151310637 -0.5991834492142653
-0.5991834492142653 -0.6384485367231334
-0.6384485367231334 -0.6761178353877643
-0.6761178353877643 -0.7120971915792927
-0.7120971915792927 -0.7462966756449163
-0.7462966756449163 -0.7786308066852276
-0.7786308066852276 -0.8090187662119065
-0.8090187662119065 -0.8373846001518844
-0.8373846001518844 -0.863657408692956
-0.863657408692956 -0.8877715234963751
-0.8877715234963751 -0.9096666718335282
-0.9096666718335282 -0.929288127236339
-0.929288127236339 -0.9465868462849605
-0.9465868462849605 -0.9615195911907715
-0.9615195911907715 -0.9740490378683264
-0.9740490378683264 -0.9841438692261448
-0.9841438692261448 -0.9917788534431158
-0.9917788534431158 -0.9969349070349213
-0.9969349070349213 -0.9995991425528029
-0.9995991425528029 -0.9997649007954723
-0.9997649007954723 -0.9974317674536479
-0.9974317674536479 -0.9926055741456128
-0.9926055741456128 -0.9852983838412038
-0.9852983838412038 -0.9755284607106693
-0.9755284607106693 -0.9633202244737609
-0.9633202244737609 -0.9487041893631407
-0.9487041893631407 -0.9317168878547055
-0.9317168878547055 -0.9124007793554091
-0.9124007793554091 -0.8908041440768614
-0.8908041440768614 -0.8669809623599548
-0.8669809623599548 -0.8409907797521016
-0.8409907797521016 -0.8128985581744033
-0.8128985581744033 -0.7827745135506544
-0.7827745135506544 -0.7506939403041105
-0.7506939403041105 -0.7167370231606575
-0.7167370231606575 -0.6809886367287238
-0.6809886367287238 -0.6435381333569995
-0.6435381333569995 -0.6044791198000639
-0.6044791198000639 -0.5639092232502625
-0.5639092232502625 -0.5219298473205876
-0.5219298473205876 -0.478645918588415
-0.478645918588415 -0.4341656243337532
-0.4341656243337532 -0.38860014212734334
-0.38860014212734334 -0.34206336194465037
-0.34206336194465037 -0.2946716015002576
-0.2946716015002576 -0.24654331551411082
-0.24654331551411082 -0.19779879963646227
-0.19779879963646227 -0.14855988977134613
-0.14855988977134613 -0.09894965755028955
-0.09894965755028955 -0.049092102717349775
-0.049092102717349775 0.0008881568057175921
0.0008881568057175921 0.050866196399306694
0.050866196399306694 0.10071709699250053
0.10071709699250053 0.15031625729567033
0.15031625729567033 0.1995397052387874
0.1995397052387874 0.24826440783708406
0.24826440783708406 0.2963685787093853
0.2963685787093853 0.3437319824806853
0.3437319824806853 0.39023623530794616
0.39023623530794616 0.4357651007780332
0.4357651007780332 0.480204780438259
0.480204780438259 0.523444198233198
0.523444198233198 0.5653752781370229
0.5653752781370229 0.605893214287264
0.605893214287264 0.6448967329448673
0.6448967329448673 0.68228834562584
0.68228834562584 0.7179745927716441
0.7179745927716441 0.7518662773494591
0.7518662773494591 0.783878687798293
0.783878687798293 0.8139318097637555
0.8139318097637555 0.8419505260923049
0.8419505260923049 0.8678648045849774
0.8678648045849774 0.8916098730414407
0.8916098730414407 0.913126381156749
0.913126381156749 0.932360548866189
0.932360548866189 0.9492643007674533
0.9492643007674533 0.9637953862840878
0.9637953862840878 0.9759174852699465
0.9759174852699465 0.985600298790633
0.985600298790633 0.9928196248550548
0.9928196248550548 0.9975574189078051
0.9975574189078051 0.9998018389311463
0.9998018389311463 0.999547275043892
0.999547275043892 0.9967943635231856
0.9967943635231856 0.9915499852141411
0.9915499852141411 0.98382724833131
0.98382724833131 0.9736454556949781
0.9736454556949781 0.9610300564841602
0.9610300564841602 0.9460125826269081
0.9460125826269081 0.9286305699869201
0.9286305699869201 0.9089274645434138
0.9089274645434138 0.8869525137988248
0.8869525137988248 0.8627606436856788
0.8627606436856788 0.8364123212803724
0.8364123212803724 0.8079734036669851
0.8079734036669851 0.7775149733288406
0.7775149733288406 0.7451131604793488
0.7451131604793488 0.7108489527760914
0.7108489527760914 0.6748079928938668
0.6748079928938668 0.6370803644626218
0.6370803644626218 0.5977603669052548
0.5977603669052548 0.5569462797382114
0.5569462797382114 0.5147401169238381
0.5147401169238381 0.4712473718886198
0.4712473718886198 0.42657675384457316
0.42657675384457316 0.3808399160727875
0.3808399160727875 0.33415117684842055
0.33415117684842055 0.2866272337045015
0.2866272337045015 0.23838687174889206
0.23838687174889206 0.1895506667634001
0.1895506667634001 0.1402406838270716
0.1402406838270716 0.09058017221711874
0.09058017221711874 0.040693257349864856
0.040693257349864856 -0.00929536946813203
-0.00929536946813203 -0.05926076270338633
-0.05926076270338633 -0.10907803489429785
-0.10907803489429785 -0.158622668804709
-0.158622668804709 -0.20777082865219737
-0.20777082865219737 -0.256399669633018
-0.256399669633018 -0.3043876449701159
-0.3043876449701159 -0.3516148097168163
-0.3516148097168163 -0.397963120556671
-0.397963120556671 -0.4433167308503208
-0.4433167308503208 -0.4875622801917415
-0.4875622801917415 -0.5305891777502036
-0.5305891777502036 -0.5722898786897982
-0.5722898786897982 -0.6125601529754697
-0.6125601529754697 -0.6512993458938635
-0.6512993458938635 -0.6884106296376704
-0.6884106296376704 -0.7238012453247031
-0.7238012453247031 -0.7573827348468307
-0.7573827348468307 -0.78907116196914
-0.78907116196914 -0.8187873221268436
-0.8187873221268436 -0.8464569403954284
-0.8464569403954284 -0.8720108571392737
-0.8720108571392737 -0.8953852008747496
-0.8953852008747496 -0.9165215479156338
-0.9165215479156338 -0.9353670684019242
-0.9353670684019242 -0.9518746583469646
-0.9518746583469646 -0.9660030573728744
-0.9660030573728744 -0.9777169518400209
-0.9777169518400209 -0.9869870631127111
-0.9869870631127111 -0.9937902207405457
-0.9937902207405457 -0.9981094203724717
-0.9981094203724717 -0.9999338662588036
-0.9999338662588036 -0.9992589982349793
-0.9992589982349793 -0.996086503119594
-0.996086503119594 -0.9904243104982327
-0.9904243104982327 -0.9822865729036345
-0.9822865729036345 -0.9716936304417365
-0.9716936304417365 -0.9586719599519926
-0.9586719599519926 -0.943254108829076
-0.943254108829076 -0.9254786136713307
-0.9254786136713307 -0.9053899039593489
-0.9053899039593489 -0.8830381910054188
-0.8830381910054188 -0.8584793424513716
-0.8584793424513716 -0.8317747426285983
-0.8317747426285983 -0.8029911391291659
-0.8029911391291659 -0.7722004759716072
-0.7722004759716072 -0.739479713778358
-0.739479713778358 -0.7049106374142481
-0.7049106374142481 -0.6685796515669709
-0.6685796515669709 -0.630577564780328
-0.630577564780328 -0.5909993624801763
-0.5909993624801763 -0.5499439695603477
-0.5499439695603477 -0.5075140031218952
-0.5075140031218952 -0.46381551598382736
-0.46381551598382736 -0.41895773160625144
-0.41895773160625144 -0.3730527710886221
-0.3730527710886221 -0.3262153729254053
-0.3262153729254053 -0.27856260621955026
-0.27856260621955026 -0.23021357807075407
-0.23021357807075407 -0.1812891358696948
-0.1812891358696948 -0.13191156524251116
-0.13191156524251116 -0.0822042844004434
-0.0822042844004434 -0.0322915356585312
-0.0322915356585312 0.017701925105413577
0.017701925105413577 0.0676511402755792
0.0676511402755792 0.11743126282709573
0.11743126282709573 0.1669178683785569
0.1669178683785569 0.2159872661882241
0.2159872661882241 0.2645168083164075
0.2645168083164075 0.31238519618149074
0.31238519618149074 0.35947278374319225
0.35947278374319225 0.40566187655533587
0.40566187655533587 0.4508370259407189
0.4508370259407189 0.4948853175526281
0.4948853175526281 0.537696653601947
0.537696653601947 0.5791640280442708
0.5791640280442708 0.6191837940392733
0.6191837940392733 0.6576559230138694
0.6576559230138694 0.6944842546815092
0.6944842546815092 0.7295767373928534
0.7295767373928534 0.7628456582169403
0.7628456582169403 0.7942078621778189
0.7942078621778189 0.8235849600987163
0.8235849600987163 0.8509035245341184
0.8509035245341184 0.8760952733001747
0.8760952733001747 0.899097240144582
0.899097240144582 0.9198519321294159
0.9198519321294159 0.9383074733335544
0.9383074733335544 0.9544177345154423
0.9544177345154423 0.9681424484121893
0.9681424484121893 0.979447310386748
0.979447310386748 0.988304064171637
0.988304064171637 0.9946905724949047
0.9946905724949047 0.9985908724117705
0.9985908724117705 0.9999952152036801
0.9999952152036801 0.9989000907450211
0.9989000907450211 0.9953082362766107
0.9953082362766107 0.9892286295640171
0.9892286295640171 0.9806764664578257
0.9806764664578257 0.9696731229119208
0.9696731229119208 0.9562461015547344
0.9562461015547344 0.940428962947006
0.940428962947006 0.9222612416978436
0.9222612416978436 0.9017883476488092
0.9017883476488092 0.8790614523729456
0.8790614523729456 0.8541373612725007
0.8541373612725007 0.827078371595017
0.827078371595017 0.7979521167226309
0.7979521167226309 0.7668313971238714
0.7668313971238714 0.7337939983903741
0.7337939983903741 0.6989224968134228
0.6989224968134228 0.6623040529862428
0.6623040529862428 0.6240301939478751
0.6240301939478751 0.5841965844132856
0.5841965844132856 0.5429027876613629
0.5429027876613629 0.500252016678587
0.500252016678587 0.4563508761803346
0.4563508761803346 0.4113090961545671
